x <- 45
y <- x*20
z <- 1